58: 345.05 -35 345.05 -35
22: 451.05 -187 451.05 -187
14: 457.05 -187 457.05 -187
12: 351.05 -187 351.05 -187
6: 333.05 -187 333.05 -187
10: 345.05 -187 345.05 -187
16: 463.05 -35 463.05 -35
20: 451.05 -35 451.05 -35
15: 457.05 -35 457.05 -35
60: 351.05 -35 351.05 -35
4: 333.05 -35 333.05 -35
55: 218.05 -187 218.05 -187
28: 206.05 -187 206.05 -187
32: 212.05 -187 212.05 -187
38: 108.55 -187 108.55 -187
30: 96.55 -187 96.55 -187
34: 218.05 -35 218.05 -35
26: 206.05 -35 206.05 -35
33: 212.05 -35 212.05 -35
36: 108.55 -35 108.55 -35
2: 84.55 -35 84.55 -35
31: 96.55 -35 96.55 -35
44: 212.05 -35 212.05 -35
52: 212.05 -187 212.05 -187
40: 96.55 -35 96.55 -35
58: 345.05 -35 345.05 -35
22: 451.05 -187 451.05 -187
14: 457.05 -187 457.05 -187
12: 351.05 -187 351.05 -187
6: 333.05 -187 333.05 -187
10: 345.05 -187 345.05 -187
16: 463.05 -35 463.05 -35
20: 451.05 -35 451.05 -35
15: 457.05 -35 457.05 -35
60: 351.05 -35 351.05 -35
4: 333.05 -35 333.05 -35
55: 218.05 -187 218.05 -187
28: 206.05 -187 206.05 -187
32: 212.05 -187 212.05 -187
38: 108.55 -187 108.55 -187
30: 96.55 -187 96.55 -187
34: 218.05 -35 218.05 -35
26: 206.05 -35 206.05 -35
33: 212.05 -35 212.05 -35
36: 108.55 -35 108.55 -35
2: 84.55 -35 84.55 -35
31: 96.55 -35 96.55 -35
44: 212.05 -35 212.05 -35
52: 212.05 -187 212.05 -187
40: 96.55 -35 96.55 -35
