89: 38.8 -187 38.8 -187
89: 38.8 -187 38.8 -187
89: 38.8 -187 38.8 -187
89: 38.8 -187 38.8 -187
89: 38.8 -187 38.8 -187
89: 38.8 -187 38.8 -187
89: 38.8 -187 38.8 -187
89: 38.8 -187 38.8 -187
89: 38.8 -187 38.8 -187
89: 38.8 -187 38.8 -187
89: 38.8 -187 38.8 -187
89: 38.8 -187 38.8 -187
89: 38.8 -187 38.8 -187
89: 38.8 -187 38.8 -187
89: 38.8 -187 38.8 -187
89: 38.8 -187 38.8 -187
89: 38.8 -187 38.8 -187
89: 38.8 -187 38.8 -187
89: 38.8 -187 38.8 -187
89: 38.8 -187 38.8 -187
89: 38.8 -187 38.8 -187
89: 38.8 -187 38.8 -187
89: 38.8 -187 38.8 -187
89: 38.8 -187 38.8 -187
89: 38.8 -187 38.8 -187
89: 38.8 -187 38.8 -187
89: 38.8 -187 38.8 -187
89: 38.8 -187 38.8 -187
89: 38.8 -187 38.8 -187
89: 38.8 -187 38.8 -187
89: 38.8 -187 38.8 -187
89: 38.8 -187 38.8 -187
89: 38.8 -187 38.8 -187
89: 38.8 -187 38.8 -187
89: 38.8 -187 38.8 -187
89: 38.8 -187 38.8 -187
89: 38.8 -187 38.8 -187
89: 38.8 -187 38.8 -187
89: 38.8 -187 38.8 -187
89: 38.8 -187 38.8 -187
89: 38.8 -187 38.8 -187
89: 38.8 -187 38.8 -187
89: 38.8 -187 38.8 -187
89: 38.8 -187 38.8 -187
89: 38.8 -187 38.8 -187
89: 38.8 -187 38.8 -187
89: 38.8 -187 38.8 -187
89: 38.8 -187 38.8 -187
89: 38.8 -187 38.8 -187
89: 38.8 -187 38.8 -187
89: 38.8 -187 38.8 -187
89: 38.8 -187 38.8 -187
89: 38.8 -187 38.8 -187
89: 38.8 -187 38.8 -187
89: 38.8 -187 38.8 -187
89: 38.8 -187 38.8 -187
89: 38.8 -187 38.8 -187
89: 38.8 -187 38.8 -187
89: 38.8 -187 38.8 -187
89: 38.8 -187 38.8 -187
89: 38.8 -187 38.8 -187
89: 38.8 -187 38.8 -187
89: 38.8 -187 38.8 -187
89: 38.8 -187 38.8 -187
89: 38.8 -187 38.8 -187
